+1.134644183841249 511.061486925     4088.492 500 500 500
+1.372054820957089 502.169340010     4017.355 500 500 500
+1.528323496980727 499.312591094     3994.501 500 500 500
+1.811853143066060 467.854312741     3742.835 500 500 500
+2.032168752951059 454.803349549     3638.427 500 500 500
+2.391689926946156 473.799670121     3790.397 500 500 500
+2.705584766371778 456.262404527     3650.099 500 500 500
+3.174074185856040 464.663027974     3717.304 500 500 500
+3.618564804773944 487.009028513     3896.072 500 500 500
+4.240317437433292 500.543686620     4004.349 500 500 500
