+0.945022925310054  5.004003239     5004.003 100 100 100
+1.191360817253026  4.818447208     4818.447 100 100 100
+1.184568697939540  4.296953120     4296.953 100 100 100
+1.437763455683713  4.861610468     4861.610 100 100 100
+1.463043183363641  4.689248626     4689.249 100 100 100
+1.740140421390757  4.670369989     4670.370 100 100 100
+1.793600559822491  4.373265237     4373.265 100 100 100
+2.106274827102640  4.300181533     4300.182 100 100 100
+2.188698441105966  4.261648410     4261.648 100 100 100
+2.547775111105636  4.258535249     4258.535 100 100 100
