+1.134644183841249 416.615701092     3332.926 500 500 500
+1.372054820957089 453.256962850     3626.056 500 500 500
+1.528323496980727 436.656347987     3493.251 500 500 500
+1.811853143066060 443.841120588     3550.729 500 500 500
+2.032168752951059 454.809909619     3638.479 500 500 500
+2.391689926946156 455.838505438     3646.708 500 500 500
+2.705584766371778 440.647294277     3525.178 500 500 500
+3.174074185856040 446.636838281     3573.095 500 500 500
+3.618564804773944 436.253874772     3490.031 500 500 500
+4.240317437433292 429.677429780     3437.419 500 500 500
