+0.945022925310054  4.399974714     4399.975 100 100 100
+1.191360817253026  4.429149609     4429.150 100 100 100
+1.184568697939540  4.466953956     4466.954 100 100 100
+1.437763455683713  4.321229884     4321.230 100 100 100
+1.463043183363641  4.250817448     4250.817 100 100 100
+1.740140421390757  4.296076700     4296.077 100 100 100
+1.793600559822491  4.266571696     4266.572 100 100 100
+2.106274827102640  4.422773436     4422.773 100 100 100
+2.188698441105966  4.476960283     4476.960 100 100 100
+2.547775111105636  4.255210636     4255.211 100 100 100
