+0.945022925310054  0.000000000     4036.972 100 100 100
+1.191360817253026  0.000000000     3755.518 100 100 100
+1.184568697939540  0.000000000     3743.826 100 100 100
+1.437763455683713  0.000000000     3683.716 100 100 100
+1.463043183363641  0.000000000     3701.728 100 100 100
+1.740140421390757  0.000000000     3646.049 100 100 100
+1.793600559822491  0.000000000     3589.282 100 100 100
+2.106274827102640  0.000000000     3559.638 100 100 100
+2.188698441105966  0.000000000     3660.694 100 100 100
+2.547775111105636  0.000000000     3710.817 100 100 100
